

mo: 40
Jo: [2.1417, 0.4167, 2.5417]

M: [  0.001, 0.001, 0.001,    0.00001, 0.00001, 0.00001  ]

D_min: [ 30, 30, 30,    0.2, 0.2, 0.2 ]
D_max: [ 350, 350, 350,    10, 10, 10 ]

a_Fp: 2
a_Fo: 2

D2.submat(0,0,2,2) = (30 + 320*exp(-15*0*arma::norm(V.subvec(0,2)) -1*Fp_norm ) ) * arma::eye(3,3);
D2.submat(3,3,5,5) = (0.2 + 9.8*exp(-15*0*arma::norm(V.subvec(3,5)) -1*Fo_norm ) ) * arma::eye(3,3);
